((("result" .
   [1 0 0 0 0 0])
  ("const" .
   [1 0 0 0 0])
  ("get" .
   [1 0 0])
  ("await" .
   [2 0 0 0 0])
  ("async" .
   [1 0 0 0 0])
  ("false" .
   [1 0 0 0 0])
  ("request_db" .
   [1 0 0 0 0 0 0 1 0 0])
  ("end" .
   [1 0 0])
  ("do" .
   [1 0])
  ("==" .
   [1 0])
  ("data" .
   [2 0 0 0])
  ("if" .
   [1 0])
  ("IEx" .
   [1 0 0])
  ("url:" .
   [1 0 0 0])
  ("port:" .
   [1 0 0 0 0])
  ("get_env" .
   [4 0 0 0 0 0 0])
  ("System" .
   [4 0 0 0 0 0])
  ("elscreen" .
   [1 0 0 0 0 0 0 0])
  ("require" .
   [1 0 0 0 0 0 0])
  ("M-x" .
   [1 0 0])
  ("elscreen-start" .
   [2 0 0 0 0 0 0 0 0 0 0 0 0 0])
  ("config" .
   [3 0 0 0 0 0])
  ("byebug" .
   [2 0 0 0 0 0])))
